FEATUREID
201473434
201473435
201473448
201473449
201473554
201473555
201473682
201473683
201473794
201473895
201473846
201473847
201473795
201473806
201473805
201474006
201473826
201473815
201474169
201473896
201474007
201474168
201474113
201474093
201474114
201474179
201474332
201474132
201474376
201474184
201474375
201474333
201474438
201474400
201474401
201474460
201474387
201474424
201474407
201474437
201474531
201474532
201474430
201474587
201474466
201474642
201474653
201474588
201474942
201474819
201474654
201474583
201474820
201474584
201474641
201474705
201474696
201474695
201474721
201474807
201475020
201474706
201474729
201474779
201474728
201474849
201474720
201474796
201474795
201474860
201474850
201474778
201474861
201474806
201474869
201474902
201474870
201474943
201474868
201474908
201474922
201474918
201474901
201474989
201474969
201474932
201474933
201475035
201474926
201474954
201474966
201475047
201474988
201475064
201475058
201474980
201475007
201475118
201475063
201475273
201475048
201475023
201475045
201475065
201475418
201475117
201475272
201475317
201475329
201475230
201475331
201475324
201475316
201475373
201475299
201475340
201475451
201475318
201475298
201475434
201475330
201475323
201475339
201475453
201475367
201475422
201475366
201475435
201475364
201475563
201475375
201475513
201475462
201475445
201475452
201475564
201475442
201475446
201475486
201475441
201475487
201475578
201475473
201475579
201475514
201475454
201475455
201475622
201475490
201475512
201475585
201475615
201475650
201475618
201475666
201475764
201475709
201475589
201475844
201475655
201475621
201475629
201475692
201475721
201475825
201475651
201475941
201475896
201475795
201475690
201475763
201475835
201475702
201475740
201475751
201475870
201475877
201475878
201475843
201475819
201475851
201475828
201475959
201476034
201475895
201475897
201475936
201476232
201475972
201476031
201476060
201475970
201475927
201475935
201476132
201476107
201475973
201475980
201476024
201475961
201476011
201476012
201475971
201476108
201476089
201476090
201476218
201475983
201476002
201476008
201476030
201476294
201476151
201476185
201476069
201476033
201476086
201476058
201476042
201476053
201476134
201476048
201476067
201476054
201476057
201476129
201476133
201476131
201476195
201476228
201476142
201476141
201476152
201476296
201476199
201476177
201476217
201476211
201476205
201476171
201476197
201476315
201476231
201476302
201476357
201476241
201476265
201476349
201476348
201476405
201476384
201476311
201476332
201476312
201476404
201476408
201476427
201476307
201476321
201476305
201476337
201476385
201476388
201476390
201476378
201476319
201476433
201476326
201476392
201476389
201476416
201476391
201476393
201476356
201476373
201476400
201476374
201476386
201476426
201476414
201476387
201476442
201476379
201476420
201476686
201476406
201476440
201476451
201476423
201476407
201476424
201476521
201476441
201476498
201476415
201476514
201476450
201476589
201476443
201476432
201476529
201476462
201476564
201476461
201476528
201476446
201476513
201476485
201476637
201476526
201476520
201476645
201476578
201476555
201476612
201476543
201476622
201476640
201476565
201476605
201476550
201476606
201476579
201476653
201476626
201476593
201476662
201476663
201476700
201476588
201476661
201476603
201476619
201476701
201476886
201476652
201476744
201476613
201476762
201476687
201476641
201476625
201476636
201476753
201476805
201476683
201476810
201476779
201476917
201476727
201476726
201476736
201476778
201476733
201476732
201476782
201476804
201476768
201476743
201476769
201476741
201476852
201476859
201477005
201476781
201476890
201476880
201476763
201476892
201476916
201476819
201476910
201476861
201476841
201476909
201477101
201476879
201476813
201477015
201476816
201476885
201476871
201476847
201476860
201476932
201476891
201476901
201476962
201476938
201476874
201477013
201476900
201476954
201476905
201476941
201477130
201476933
201477038
201477146
201476942
201476985
201477014
201476964
201476953
201476997
201476995
201476991
201476974
201477003
201476992
201477034
201477070
201476996
201477108
201477107
201477023
201477004
201477182
201477201
201477037
201477009
201477092
201477033
201477069
201477171
201477149
201477106
201477173
201477039
201477185
201477131
201477071
201477081
201477093
201477151
201477099
201477111
201477224
201477118
201477194
201477142
201477129
201477196
201477126
201477181
201477216
201477148
201477143
201477197
201477193
201477270
201477169
201477232
201477227
201477170
201477174
201477209
201477306
201477269
201477206
201477208
201477217
201477220
201477307
201477205
201477228
201477200
201477223
201477246
201477309
201477219
201477229
201477222
201477385
201477339
201477308
201477317
201477260
201477460
201477286
201477287
201477504
201477344
201477376
201477403
201477343
201477389
201477390
201477386
201477451
201477377
201477388
201477566
201477387
201477426
201477402
201477488
201477435
201477455
201477658
201477419
201477432
201477450
201477530
201477449
201477425
201477470
201477471
201477454
201477436
201477476
201477686
201477507
201477598
201477767
201477456
201477459
201477538
201477505
201477515
201477514
201477542
201477487
201477687
201477624
201477576
201477711
201477508
201477506
201477573
201477512
201477575
201477554
201477537
201477571
201477710
201477642
201477568
201477681
201477552
201477717
201477783
201477569
201477647
201477574
201477603
201477625
201477659
201477610
201477935
201477623
201477600
201477596
201477595
201477597
201477697
201477650
201477604
201477685
201477683
201477641
201477666
201477626
201477657
201477622
201477779
201477720
201477780
201477712
201477839
201477665
201477682
201477699
201477684
201477837
201477744
201477680
201477733
201477781
201477873
201477883
201477822
201477738
201477832
201477768
201477723
201477769
201477737
201477748
201477743
201477722
201477790
201477772
201477782
201477896
201477763
201477785
201477831
201477778
201477789
201477830
201477773
201477791
201477804
201477844
201477859
201477939
201477814
201478011
201477818
201477850
201477884
201477976
201477897
201477919
201477957
201477918
201477974
201477874
201477849
201477836
201477880
201478079
201477870
201477940
201477838
201478033
201478058
201477882
201478070
201477900
201477980
201477890
201477922
201477892
201477936
201477889
201478000
201477909
201477913
201477962
201478010
201477975
201478008
201478121
201477956
201477963
201478057
201478034
201478005
201478076
201478044
201478063
201477999
201478028
201478191
201478012
201478085
201478049
201478108
201478135
201478060
201478182
201478181
201478137
201478048
201478092
201478072
201478123
201478045
201478128
201478115
201478231
201478296
201478098
201478097
201478071
201478152
201478122
201478124
201478091
201478084
201478086
201478144
201478156
201478111
201478090
201478104
201478155
201478107
201478172
201478196
201478149
201478134
201478232
201478217
201478229
201478183
201478161
201478297
201478133
201478166
201478192
201478240
201478148
201478147
201478193
201478163
201478273
201478160
201478295
201478204
201478403
201478184
201478171
201478285
201478385
201478241
201478367
201478356
201478199
201478203
201478188
201478368
201478200
201478230
201478607
201478216
201478341
201478454
201478266
201478309
201478310
201478298
201478267
201478362
201478288
201478518
201478334
201478286
201478284
201478299
201478480
201478358
201478294
201478413
201478364
201478306
201478342
201478411
201478305
201478436
201478326
201478340
201478386
201478333
201478442
201478402
201478564
201478375
201478374
201478412
201478517
201478355
201478493
201478365
201478366
201478450
201478422
201478421
201478482
201478449
201478401
201478511
201478548
201478479
201478435
201478483
201478441
201478502
201478472
201478453
201478570
201478653
201478444
201478537
201478458
201478468
201478516
201478590
201478469
201478457
201478495
201478494
201478496
201478471
201478795
201478652
201478600
201478541
201478500
201478501
201478512
201478529
201478555
201478552
201478510
201478532
201478733
201478775
201478672
201478626
201478574
201478621
201478551
201478547
201478638
201478562
201478578
201478664
201478714
201478565
201478624
201478650
201478579
201478589
201478691
201478580
201478598
201478591
201478737
201478592
201478645
201478603
201478610
201478604
201478606
201478641
201478753
201478620
201478608
201478605
201478627
201478700
201478710
201478663
201478701
201478713
201478618
201478619
201478625
201478642
201478655
201478686
201478774
201478764
201478715
201478683
201478651
201478692
201478732
201478814
201478742
201478754
201478693
201478694
201478695
201478755
201478794
201479078
201478716
201478822
201478711
201478706
201478717
201478722
201478890
201478756
201478836
201478769
201478726
201478725
201478959
201478799
201478752
201478973
201478835
201478743
201478800
201478792
201478793
201478866
201478891
201478979
201478842
201478807
201478797
201478806
201478904
201478872
201479000
201478826
201478830
201478900
201478965
201478943
201478914
201478937
201479035
201479059
201479031
201479098
201478901
201478892
201478893
201478934
201478925
201479001
201478938
201479021
201478977
201479060
201479037
201478942
201479119
201479229
201478993
201479049
201478972
201479097
201478985
201478976
201478994
201479042
201478995
201478978
201479006
201479114
201479029
201479032
201479181
201479030
201479162
201479047
201479017
201479080
201479046
201479025
201479077
201479043
201479088
201479081
201479234
201479334
201479058
201479100
201479075
201479057
201479182
201479076
201479073
201479072
201479249
201479089
201479125
201479142
201479241
201479183
201479259
201479290
201479143
201479158
201479267
201479211
201479167
201479163
201479316
201479166
201479235
201479212
201479228
201479191
201479264
201479265
201479336
201479268
201479411
201479263
201479236
201479289
201479284
201479359
201479266
201479256
201479396
201479307
201479344
201479300
201479319
201479345
201479272
201479314
201479367
201479331
201479308
201479368
201479389
201479317
201479390
201479340
201479424
201479341
201479327
201479492
201479335
201479343
201479410
201479379
201479398
201479404
201479432
201479422
201479374
201479394
201479416
201479373
201479397
201479811
201479446
201479443
201479421
201479465
201479480
201479423
201479407
201479533
201479452
201479415
201479532
201479481
201479658
201479591
201479599
201479537
201479548
201479576
201479525
201479566
201479567
201479554
201479809
201479601
201479717
201479608
201479687
201479716
201479676
201479708
201479941
201479763
201479675
201479688
201479738
201479875
201479735
201479806
201479752
201479833
201479820
201479843
201479842
201479912
201479955
201479928
201479898
201480012
201480007
201480000
201480127
201480084
201480133
201480134
201480177
201480232
201480235
201480377
201480376
201480409
FEATUREID
201473434
201473435
201473448
201473449
201473554
201473555
201473682
201473683
201473794
201473895
201473846
201473847
201473795
201473806
201473805
201474006
201473826
201473815
201474169
201473896
201474007
201474168
201474113
201474093
201474114
201474179
201474332
201474132
201474376
201474184
201474375
201474333
201474438
201474400
201474401
201474460
201474387
201474424
201474407
201474437
201474531
201474532
201474430
201474587
201474466
201474642
201474653
201474588
201474942
201474819
201474654
201474583
201474820
201474584
201474641
201474705
201474696
201474695
201474721
201474807
201475020
201474706
201474729
201474779
201474728
201474849
201474720
201474796
201474795
201474860
201474850
201474778
201474861
201474806
201474869
201474902
201474870
201474943
201474868
201474908
201474922
201474918
201474901
201474989
201474969
201474932
201474933
201475035
201474926
201474954
201474966
201475047
201474988
201475064
201475058
201474980
201475007
201475118
201475063
201475273
201475048
201475023
201475045
201475065
201475418
201475117
201475272
201475317
201475329
201475230
201475331
201475324
201475316
201475373
201475299
201475340
201475451
201475318
201475298
201475434
201475330
201475323
201475339
201475453
201475367
201475422
201475366
201475435
201475364
201475563
201475375
201475513
201475462
201475445
201475452
201475564
201475442
201475446
201475486
201475441
201475487
201475578
201475473
201475579
201475514
201475454
201475455
201475622
201475490
201475512
201475585
201475615
201475650
201475618
201475666
201475764
201475709
201475589
201475844
201475655
201475621
201475629
201475692
201475721
201475825
201475651
201475941
201475896
201475795
201475690
201475763
201475835
201475702
201475740
201475751
201475870
201475877
201475878
201475843
201475819
201475851
201475828
201475959
201476034
201475895
201475897
201475936
201476232
201475972
201476031
201476060
201475970
201475927
201475935
201476132
201476107
201475973
201475980
201476024
201475961
201476011
201476012
201475971
201476108
201476089
201476090
201476218
201475983
201476002
201476008
201476030
201476294
201476151
201476185
201476069
201476033
201476086
201476058
201476042
201476053
201476134
201476048
201476067
201476054
201476057
201476129
201476133
201476131
201476195
201476228
201476142
201476141
201476152
201476296
201476199
201476177
201476217
201476211
201476205
201476171
201476197
201476315
201476231
201476302
201476357
201476241
201476265
201476349
201476348
201476405
201476384
201476311
201476332
201476312
201476404
201476408
201476427
201476307
201476321
201476305
201476337
201476385
201476388
201476390
201476378
201476319
201476433
201476326
201476392
201476389
201476416
201476391
201476393
201476356
201476373
201476400
201476374
201476386
201476426
201476414
201476387
201476442
201476379
201476420
201476686
201476406
201476440
201476451
201476423
201476407
201476424
201476521
201476441
201476498
201476415
201476514
201476450
201476589
201476443
201476432
201476529
201476462
201476564
201476461
201476528
201476446
201476513
201476485
201476637
201476526
201476520
201476645
201476578
201476555
201476612
201476543
201476622
201476640
201476565
201476605
201476550
201476606
201476579
201476653
201476626
201476593
201476662
201476663
201476700
201476588
201476661
201476603
201476619
201476701
201476886
201476652
201476744
201476613
201476762
201476687
201476641
201476625
201476636
201476753
201476805
201476683
201476810
201476779
201476917
201476727
201476726
201476736
201476778
201476733
201476732
201476782
201476804
201476768
201476743
201476769
201476741
201476852
201476859
201477005
201476781
201476890
201476880
201476763
201476892
201476916
201476819
201476910
201476861
201476841
201476909
201477101
201476879
201476813
201477015
201476816
201476885
201476871
201476847
201476860
201476932
201476891
201476901
201476962
201476938
201476874
201477013
201476900
201476954
201476905
201476941
201477130
201476933
201477038
201477146
201476942
201476985
201477014
201476964
201476953
201476997
201476995
201476991
201476974
201477003
201476992
201477034
201477070
201476996
201477108
201477107
201477023
201477004
201477182
201477201
201477037
201477009
201477092
201477033
201477069
201477171
201477149
201477106
201477173
201477039
201477185
201477131
201477071
201477081
201477093
201477151
201477099
201477111
201477224
201477118
201477194
201477142
201477129
201477196
201477126
201477181
201477216
201477148
201477143
201477197
201477193
201477270
201477169
201477232
201477227
201477170
201477174
201477209
201477306
201477269
201477206
201477208
201477217
201477220
201477307
201477205
201477228
201477200
201477223
201477246
201477309
201477219
201477229
201477222
201477385
201477339
201477308
201477317
201477260
201477460
201477286
201477287
201477504
201477344
201477376
201477403
201477343
201477389
201477390
201477386
201477451
201477377
201477388
201477566
201477387
201477426
201477402
201477488
201477435
201477455
201477658
201477419
201477432
201477450
201477530
201477449
201477425
201477470
201477471
201477454
201477436
201477476
201477686
201477507
201477598
201477767
201477456
201477459
201477538
201477505
201477515
201477514
201477542
201477487
201477687
201477624
201477576
201477711
201477508
201477506
201477573
201477512
201477575
201477554
201477537
201477571
201477710
201477642
201477568
201477681
201477552
201477717
201477783
201477569
201477647
201477574
201477603
201477625
201477659
201477610
201477935
201477623
201477600
201477596
201477595
201477597
201477697
201477650
201477604
201477685
201477683
201477641
201477666
201477626
201477657
201477622
201477779
201477720
201477780
201477712
201477839
201477665
201477682
201477699
201477684
201477837
201477744
201477680
201477733
201477781
201477873
201477883
201477822
201477738
201477832
201477768
201477723
201477769
201477737
201477748
201477743
201477722
201477790
201477772
201477782
201477896
201477763
201477785
201477831
201477778
201477789
201477830
201477773
201477791
201477804
201477844
201477859
201477939
201477814
201478011
201477818
201477850
201477884
201477976
201477897
201477919
201477957
201477918
201477974
201477874
201477849
201477836
201477880
201478079
201477870
201477940
201477838
201478033
201478058
201477882
201478070
201477900
201477980
201477890
201477922
201477892
201477936
201477889
201478000
201477909
201477913
201477962
201478010
201477975
201478008
201478121
201477956
201477963
201478057
201478034
201478005
201478076
201478044
201478063
201477999
201478028
201478191
201478012
201478085
201478049
201478108
201478135
201478060
201478182
201478181
201478137
201478048
201478092
201478072
201478123
201478045
201478128
201478115
201478231
201478296
201478098
201478097
201478071
201478152
201478122
201478124
201478091
201478084
201478086
201478144
201478156
201478111
201478090
201478104
201478155
201478107
201478172
201478196
201478149
201478134
201478232
201478217
201478229
201478183
201478161
201478297
201478133
201478166
201478192
201478240
201478148
201478147
201478193
201478163
201478273
201478160
201478295
201478204
201478403
201478184
201478171
201478285
201478385
201478241
201478367
201478356
201478199
201478203
201478188
201478368
201478200
201478230
201478607
201478216
201478341
201478454
201478266
201478309
201478310
201478298
201478267
201478362
201478288
201478518
201478334
201478286
201478284
201478299
201478480
201478358
201478294
201478413
201478364
201478306
201478342
201478411
201478305
201478436
201478326
201478340
201478386
201478333
201478442
201478402
201478564
201478375
201478374
201478412
201478517
201478355
201478493
201478365
201478366
201478450
201478422
201478421
201478482
201478449
201478401
201478511
201478548
201478479
201478435
201478483
201478441
201478502
201478472
201478453
201478570
201478653
201478444
201478537
201478458
201478468
201478516
201478590
201478469
201478457
201478495
201478494
201478496
201478471
201478795
201478652
201478600
201478541
201478500
201478501
201478512
201478529
201478555
201478552
201478510
201478532
201478733
201478775
201478672
201478626
201478574
201478621
201478551
201478547
201478638
201478562
201478578
201478664
201478714
201478565
201478624
201478650
201478579
201478589
201478691
201478580
201478598
201478591
201478737
201478592
201478645
201478603
201478610
201478604
201478606
201478641
201478753
201478620
201478608
201478605
201478627
201478700
201478710
201478663
201478701
201478713
201478618
201478619
201478625
201478642
201478655
201478686
201478774
201478764
201478715
201478683
201478651
201478692
201478732
201478814
201478742
201478754
201478693
201478694
201478695
201478755
201478794
201479078
201478716
201478822
201478711
201478706
201478717
201478722
201478890
201478756
201478836
201478769
201478726
201478725
201478959
201478799
201478752
201478973
201478835
201478743
201478800
201478792
201478793
201478866
201478891
201478979
201478842
201478807
201478797
201478806
201478904
201478872
201479000
201478826
201478830
201478900
201478965
201478943
201478914
201478937
201479035
201479059
201479031
201479098
201478901
201478892
201478893
201478934
201478925
201479001
201478938
201479021
201478977
201479060
201479037
201478942
201479119
201479229
201478993
201479049
201478972
201479097
201478985
201478976
201478994
201479042
201478995
201478978
201479006
201479114
201479029
201479032
201479181
201479030
201479162
201479047
201479017
201479080
201479046
201479025
201479077
201479043
201479088
201479081
201479234
201479334
201479058
201479100
201479075
201479057
201479182
201479076
201479073
201479072
201479249
201479089
201479125
201479142
201479241
201479183
201479259
201479290
201479143
201479158
201479267
201479211
201479167
201479163
201479316
201479166
201479235
201479212
201479228
201479191
201479264
201479265
201479336
201479268
201479411
201479263
201479236
201479289
201479284
201479359
201479266
201479256
201479396
201479307
201479344
201479300
201479319
201479345
201479272
201479314
201479367
201479331
201479308
201479368
201479389
201479317
201479390
201479340
201479424
201479341
201479327
201479492
201479335
201479343
201479410
201479379
201479398
201479404
201479432
201479422
201479374
201479394
201479416
201479373
201479397
201479811
201479446
201479443
201479421
201479465
201479480
201479423
201479407
201479533
201479452
201479415
201479532
201479481
201479658
201479591
201479599
201479537
201479548
201479576
201479525
201479566
201479567
201479554
201479809
201479601
201479717
201479608
201479687
201479716
201479676
201479708
201479941
201479763
201479675
201479688
201479738
201479875
201479735
201479806
201479752
201479833
201479820
201479843
201479842
201479912
201479955
201479928
201479898
201480012
201480007
201480000
201480127
201480084
201480133
201480134
201480177
201480232
201480235
201480377
201480376
201480409
